-73.9991637
-73.9859414
-73.9874105
-74.0131196
-74.0087126
-73.9800645
-73.98153370000001
-74.0094471
-73.9976946
-74.0094471
-74.0094471
-73.9800645
-73.9697795
-73.9932872
-73.9558204
-73.9697795
-73.9932872
-73.97418739999999
-73.96831019999999
-73.95258249999999
-73.96243270000001
-73.9506774
-73.9271644
-73.9433299
-73.9506774
-73.9447994
-73.9447994
-73.92128579999999
-73.9374517
-74.0021019
-73.9374517
-73.93304289999999
-73.9550857
-74.0152027
-74.0946311
-74.1386767
-74.17390569999999
-74.0916944
-74.0711359
-74.12986839999999
-74.2443436
-74.1504204
-74.22380199999999
-74.1181234
-74.1827119
-74.1827119
-73.9271644
-73.92128579999999
-73.9154069
-73.9154069
-73.90805809999999
-73.9095279
-73.8977693
-73.88601
-73.8918897
-73.8801301
-73.8360251
-73.8566087
-73.9095279
-73.7977928
-73.8242621
-73.8477874
-73.8713099
-73.8977693
-73.8477874
-73.86836970000002
-73.9065883
-73.86836970000002
-73.859549
-73.8830701
-73.8272029
-73.7095365
-73.9418603
-73.9286341
-73.9109977
-73.91981609999999
-73.9065883
-73.9271644
-73.95692249999999
-73.9859414
-73.93304289999999
-73.9859414
-73.9565551
-73.9418603
-73.8713099
-74.03294989999999
-73.9447994
-73.9565551
-73.9154069
-73.93892129999999
-73.9982756
-73.9800645
-73.9506774
-73.9785952
-73.9800645
-73.9976946
-74.0079781
-73.9271644
-73.9506774
-73.977126
-73.9859414
-73.9565551
-73.9536163
-74.0153231
-73.9447994
-73.96537150000002
-74.0094471
-73.92128579999999
-73.9065883
-73.9418603
-73.8948295
-73.92128579999999
-73.96243270000001
-73.8727799
-73.8272029
-73.8213213
-73.8477874
-73.8124984
-73.7977928
-73.7801447
-73.7742616
-73.74484369999999
-73.7536695
-73.7889689
-73.7874983
-73.8213213
-73.8477874
-73.86836970000002
-73.8918897
-73.8801301
-73.8801301
-73.8624893
-73.8457658
-73.90364869999999
-73.9095279
-73.8801301
-73.8948295
-73.7389596
-73.762495
-73.7536695
-73.8477874
-73.82867329999999
-73.8448469
-73.83308439999999
-73.8213213
-73.8124984
-73.859549
-73.7389596
-73.7683784
-73.7213063
-73.7442568
-73.7389596
-73.7919103
-73.7860276
-73.7772032
-73.8095574
-73.7977928
-73.762495
-73.7977928
-73.8272029
-73.8624893
-73.9095279
